X:
 [[6.97326398e-02 9.30513258e-01 1.00000000e+00 4.97769143e-05
  9.77554369e-04 1.06105113e-03]
 [6.10605379e-02 8.55924318e-01 8.07953086e-01 2.28010382e-05
  9.04655275e-04 9.97143993e-04]
 [5.48474156e-02 7.06208238e-01 7.20971942e-01 5.45940351e-06
  8.41390423e-04 9.57964745e-04]
 [5.03710259e-02 5.33484336e-01 5.54715860e-01 7.86796388e-05
  9.06903265e-04 9.73379531e-04]
 [4.39642553e-02 4.89625897e-01 4.40696346e-01 3.82158245e-05
  8.28544767e-04 9.02086144e-04]
 [3.74569675e-02 4.04443306e-01 3.52941959e-01 1.83050588e-05
  7.94503781e-04 8.57768633e-04]
 [3.33897118e-02 3.44208968e-01 2.84781145e-01 4.01426728e-05
  7.62389643e-04 8.46207543e-04]
 [2.99490031e-02 3.07890768e-01 2.26024540e-01 4.75289246e-05
  7.12291587e-04 8.36894443e-04]
 [2.69000868e-02 2.69831885e-01 1.78139726e-01 1.79839174e-05
  6.53522714e-04 8.05743729e-04]
 [2.44292250e-02 2.27323107e-01 1.39388527e-01 1.50936450e-05
  6.32006241e-04 8.06707153e-04]
 [2.17213608e-02 1.91964799e-01 1.19200295e-01 1.05976656e-05
  6.53201572e-04 8.21479657e-04]
 [1.98600254e-02 1.70370000e-01 1.05404703e-01 1.05976656e-05
  6.65726086e-04 8.30471616e-04]
 [1.84919631e-02 1.46894886e-01 9.55681429e-02 0.00000000e+00
  6.39071352e-04 8.47813250e-04]]
Y_:
 [1.         0.78237952 0.65361446 0.6814759  0.4623494  0.29216867
 0.23945783 0.17771084 0.04894578 0.00978916 0.03614458 0.01355422
 0.        ]
训练前w:
 [[ 0.26527402]
 [ 0.02352914]
 [ 0.04091964]
 [-0.18328726]
 [ 0.55577046]
 [-0.34520242]]
训练前 b:   [0.89036685]


训练后 w:
 [[ 0.28698325]
 [ 0.45940804]
 [ 0.6883658 ]
 [-0.18324082]
 [ 0.5554901 ]
 [-0.34581175]]
训练后 b:   [-0.13498054]


线程 'MainThread' (0x4f24) 已退出，返回值为 0 (0x0)。
程序“[12772] python.exe”已退出，返回值为 -1073741510 (0xc000013a)。
